lymda_init=0;
lymda_inc=1;% интенсивность входного потока
lymda_end=50;

M_5_N=[0 2.94340000000000 3.82070000000000 4.11610000000000 4.26340000000000 4.35180000000000 4.41850000000000 4.45110000000000 4.48110000000000 4.50480000000000 4.52300000000000 4.53450000000000 4.54470000000000 4.56030000000000 4.56030000000000 4.56860000000000 4.57580000000000 4.57460000000000 4.57140000000000 4.58320000000000 4.58210000000000 4.58500000000000 4.58620000000000 4.59060000000000 4.58820000000000 4.58820000000000 4.58810000000000 4.58460000000000 4.59700000000000 4.59430000000000 4.58410000000000 4.59040000000000 4.59640000000000 4.59040000000000 4.58270000000000 4.58080000000000 4.59020000000000 4.59650000000000 4.59340000000000 4.59570000000000 4.58870000000000 4.59000000000000 4.59420000000000 4.59490000000000 4.59030000000000 4.59750000000000 4.58460000000000 4.58850000000000 4.59870000000000 4.59590000000000 4.58490000000000];
M_5_N_teor=[0 4.35657376799238 4.52707814696912 4.56917551609817 4.58283951316138 4.58765073755699 4.58939287776211 4.59003007568082 4.59026399013627 4.59034997527317 4.59038159835286 4.59039323060468 4.59039750970466 4.59039908387507 4.59039966297695 4.59039987601621 4.59039995438892 4.59039998322062 4.59039999382721 4.59039999772916 4.59039999916460 4.59039999969268 4.59039999988694 4.59039999995841 4.59039999998470 4.59039999999437 4.59039999999793 4.59039999999924 4.59039999999972 4.59039999999990 4.59039999999996 4.59039999999999 4.59040000000000 4.59040000000000 4.59040000000000 4.59040000000000 4.59040000000000 4.59040000000000 4.59040000000000 4.59040000000000 4.59040000000000 4.59040000000000 4.59040000000000 4.59040000000000 4.59040000000000 4.59040000000000 4.59040000000000 4.59040000000000 4.59040000000000 4.59040000000000 4.59040000000000];
M_5_D=[0 8.13969571230982 9.77302968270215 10.2351916376307 10.4684197591546 10.6445532435741 10.8679802955665 10.8108436664235 10.7406340057637 11.0110132158590 10.9013506994694 10.9603289791969 10.9481052377504 11.1406555772994 11.0205562273277 11.1802154750245 11.2816276202219 11.0507736943907 10.9198756278402 11.2379784102061 11.1294089029433 11.1908135841681 11.2162625520451 11.3096471749321 11.2131147540984 11.2233912405187 11.1939897385781 11.0591930417975 11.4330179282869 11.3653465346535 11.0306024096386 11.2111436950147 11.3773257256264 11.1974102125580 10.9788968824940 10.9210023866348 11.1964329342780 11.3908730158730 11.2904257937485 11.3652561247216 11.1483463035019 11.1947291361640 11.3120532413113 11.3329217090640 11.1940917968750 11.4067080745342 11.0194992778045 11.1377885783718 11.4310989284824 11.3662459787181 11.0349313418453];
M_5_D_teor= [0 12.0513797178213 11.5841303658371 11.3717658439477 11.2628152203524 11.2304791617062 11.3039233442417 11.1598105414073 11.0236887371188 11.2343366991512 11.0718321233788 11.1039991064458 11.0798877859152 11.2289605769938 11.1013292937774 11.2399605191386 11.3203451402933 11.0986459942472 10.9791915661976 11.2620215842227 11.1661396233632 11.2152455404170 11.2427136906366 11.3259314087303 11.2317103009168 11.2317103009405 11.2152455411628 11.0906015945862 11.4302788844615 11.3623762376235 11.0612048192770 11.2179863147605 11.3877449764326 11.2152455411678 11.0081534772182 10.9556085918854 11.2152455411679 11.3849206349206 11.2980556239232 11.3595644642415 11.1634241245136 11.2015617374329 11.3147646043875 11.3371202766115 11.2070312500000 11.4047204968944 11.0505536831969 11.1552855407047 11.4388238225766 11.3595644642415 11.0585401108167];


M_2_N=[0 1.02260000000000 1.30580000000000 1.39010000000000 1.43440000000000 1.46860000000000 1.47560000000000 1.48170000000000 1.48450000000000 1.49560000000000 1.50750000000000 1.49980000000000 1.49580000000000 1.49620000000000 1.49970000000000 1.49380000000000 1.49890000000000 1.50890000000000 1.49580000000000 1.49700000000000 1.50740000000000 1.49970000000000 1.51200000000000 1.49230000000000 1.50180000000000 1.49120000000000 1.50080000000000 1.50420000000000 1.49740000000000 1.50460000000000 1.49620000000000 1.49940000000000 1.49740000000000 1.50010000000000 1.49800000000000 1.50080000000000 1.50050000000000 1.50840000000000 1.49620000000000 1.49740000000000 1.50130000000000 1.49720000000000 1.50200000000000 1.49600000000000 1.50920000000000 1.49560000000000 1.49030000000000 1.51190000000000 1.49210000000000 1.50040000000000 1.49580000000000];
M_2_N_teor=[0 1.29252470740121 1.44131212132209 1.48030213159770 1.49299439704041 1.49745477992408 1.49906796957169 1.49965770634154 1.49987415579151 1.49995371513601 1.49998297418898 1.49999373674888 1.49999769590503 1.49999915237440 1.49999968817645 1.49999988528659 1.49999995779930 1.49999998447523 1.49999999428876 1.49999999789895 1.49999999922707 1.49999999971565 1.49999999989540 1.49999999996152 1.49999999998584 1.49999999999479 1.49999999999808 1.49999999999930 1.49999999999974 1.49999999999990 1.49999999999996 1.49999999999999 1.50000000000000 1.50000000000000 1.50000000000000 1.50000000000000 1.50000000000000 1.50000000000000 1.50000000000000 1.50000000000000 1.50000000000000 1.50000000000000 1.50000000000000 1.50000000000000 1.50000000000000 1.50000000000000 1.50000000000000 1.50000000000000 1.50000000000000 1.50000000000000 1.50000000000000];
M_2_D=[0 2.70155960877610 2.98605076606449 2.92646439106616 2.95609152752010 3.00143090760425 2.97219983883965 2.96102338596842 2.93783409225896 2.99959879638917 3.07968941561095 3.00521146522349 2.96922160444797 2.97238227697199 2.99979991996799 2.95333201502867 2.99181309904153 3.07228670331908 2.96646825396825 2.97355864811133 3.05888324873096 2.99500299820108 3.09774590163934 2.93874335237345 3.01384985949418 2.93022798742138 3.00520833333333 3.03005244050020 2.97871070433745 3.03693984658862 2.96923382294561 2.99500599280863 2.97851173895742 2.99979995999200 2.98366533864542 3.00620993589744 3.00260260260260 3.06590724165989 2.96963080587535 2.97871070433745 3.00902346099860 2.97673031026253 3.01506024096386 2.96765873015873 3.07457212713936 2.96490880253767 2.92289582107122 3.09731612374513 2.93719236070093 3.00220176140913 2.96568821896073];
M_2_D_teor=[0 3.41666589320965 3.29593441875621 3.11905211040391 3.07770438474625 3.06102775945233 3.01987906843611 2.99751690254156 2.96945982140470 3.00893423297093 3.06494273434610 3.00660199789313 2.97854983301237 2.98032813903119 3.00119985629542 2.96618525862486 2.99520758346506 3.05436771426437 2.97619046485865 2.98210735168778 3.04568527761841 2.99820107878404 3.07377049158892 2.95450068930770 3.01083902044529 2.94811320753693 3.00480769230385 3.02541347317325 2.98448070035762 3.02785627775516 2.97737197300509 2.99640431482219 2.98448070035813 3.00060012002400 2.98804780876494 3.00480769230769 3.00300300300300 3.05126118795769 2.97737197300516 2.98448070035814 3.00782033286545 2.98329355608592 3.01204819277108 2.97619047619048 3.05623471882641 2.97383029341792 2.94290759270159 3.07314074984634 2.95333727111636 3.00240192153723 2.97500991669972];

M_10_N=[0 6.27371000000000 7.92503000000000 8.52252000000000 8.84050000000000 9.02566000000000 9.14576000000000 9.23651000000000 9.29989000000000 9.34418000000000 9.38878000000000 9.42625000000000 9.44672000000000 9.46941000000000 9.48478000000000 9.50068000000000 9.51625000000000 9.52548000000000 9.53536000000000 9.54315000000000 9.55192000000000 9.55671000000000 9.56283000000000 9.57158000000000 9.57221000000000 9.57681000000000 9.58246000000000 9.58669000000000 9.58781000000000 9.59035000000000 9.59314000000000 9.59317000000000 9.59645000000000 9.59632000000000 9.60092000000000 9.60291000000000 9.60343000000000 9.60054000000000 9.60514000000000 9.60461000000000 9.60486000000000 9.60884000000000 9.60834000000000 9.60553000000000 9.60538000000000 9.60466000000000 9.60512000000000 9.61067000000000 9.60992000000000 9.60723000000000 9.60960000000000];
